[ 0.78315789  0.7877193   0.78859649  0.78233918  0.78619883]
Mean score: 0.786 (+/-0.001)
[ 0.76812865  0.77204678  0.77157895  0.76637427  0.7702924 ]
Mean score: 0.770 (+/-0.001)
[ 0.78584795  0.7894152   0.79163743  0.78573099  0.79011696]
Mean score: 0.789 (+/-0.001)
[ 0.78912281  0.79210526  0.79859649  0.78994152  0.79672515]
Mean score: 0.793 (+/-0.002)
Accuracy on training set:
0.891684210526
Accuracy on testing set:
0.802504894467
Classification Report:
             precision    recall  f1-score   support

          1       0.66      0.91      0.77       762
          2       0.71      0.72      0.71      1219
          3       0.55      0.62      0.58       925
          4       0.67      0.71      0.69       837
          5       0.88      0.86      0.87      1472
          6       0.79      0.82      0.81      2255
          7       0.59      0.74      0.66       893
          8       0.84      0.93      0.88       920
          9       0.94      0.92      0.93      3040
         10       0.92      0.84      0.88      1792
         11       0.53      0.63      0.57       668
         12       0.49      0.76      0.60      1120
         13       0.81      0.79      0.80      1997
         14       0.74      0.78      0.76      2717
         15       0.96      0.80      0.87      4371
         16       0.91      0.82      0.87      4263
         17       0.89      0.78      0.83      4418
         18       0.76      0.93      0.84      1100
         19       0.72      0.73      0.72      2518

avg / total       0.82      0.80      0.81     37287

Confusion Matrix:
[[ 692   39    3    8    2    1    6    0    7    1    3    0    0    0
     0    0    0    0    0]
 [ 152  875   72   11    1    4   21   15   25   14   19    1    0    2
     7    0    0    0    0]
 [  19   36  571   51   16   79   59   12   11   15   30    3    3    2
     5    0    0    2   11]
 [  69   14   70  595    8   39   23    1    1    2    4    0    0    4
     3    0    0    0    4]
 [  21   13   13   27 1271    4    5    2    6    2   28    8    1    0
     5    0   42   22    2]
 [  16    8   95   58    2 1855   73    2    0    0   18    0   25    0
     0    5    1    8   89]
 [  24   35   24   23    2   42  663   16   16   16   15    0    1    1
    10    0    0    1    4]
 [   0    6    3    1    1    2   14  851   37    1    4    0    0    0
     0    0    0    0    0]
 [  13   66   13    2    2    0   12   77 2784   70    1    0    0    0
     0    0    0    0    0]
 [   7   26    9    1   17    6   56   10   58 1511    5   10    0    0
     2    0   68    6    0]
 [  17   64    7    2   15   14   28    6    5    9  418   25    7    2
     2    1   12   18   16]
 [   0    1    3    0    4    4   17    3    0    1   75  848    7   14
    15   12   68   36   12]
 [   1    3   11   12   10   22   33    0    1    1   24   41 1586    7
     1   28   41   40  135]
 [   0    9    3    5    1    0   23   10    0    2   22  123   71 2112
    58  131   23    8  116]
 [   1   38   94   40   17   43   21    1    1    1    9  103    5  434
  3486   34   20    1   22]
 [   0    0    1    2    1   29    4    0    0    0    9   57  101  230
    42 3511   62   18  196]
 [   0    0   21    0   69    3   46    7    0    2   72  453   38   23
     7   30 3442  119   86]
 [   0    0    2    3    3    4    2    0    0    0    4    8   11    0
     0    0   29 1019   15]
 [  10    1   21   42   10  186   23    1    2    0   28   48  107   22
     5  100   41   38 1833]]
